Epoch	Train_Loss	Val_Loss	OA	AA	Kappa
1	2.7718	2.7947	0.38	6.25	-1.04
2	2.7513	2.7409	17.38	6.91	2.31
3	2.7153	2.6786	35.87	12.12	17.75
4	2.6876	2.6446	36.13	12.25	18.32
5	2.6580	2.6193	35.93	12.15	17.86
6	2.6476	2.5936	36.13	12.25	18.33
7	2.6223	2.5686	36.23	12.30	18.62
8	2.6026	2.5423	38.06	14.87	21.25
9	2.5883	2.5179	38.12	14.72	21.68
10	2.5671	2.4888	40.93	17.87	25.80
11	2.5356	2.4553	41.89	18.98	27.05
12	2.5076	2.4220	43.82	20.11	29.83
13	2.4988	2.3912	43.99	20.00	30.19
14	2.4845	2.3512	44.00	20.54	29.91
15	2.4466	2.3152	45.05	21.19	31.65
16	2.3978	2.2664	46.99	22.87	34.19
17	2.3866	2.2191	48.34	23.92	35.99
18	2.3374	2.1697	48.24	23.73	35.85
19	2.3183	2.1333	45.37	22.69	31.88
20	2.2687	2.1097	49.24	24.85	37.01
21	2.2583	2.0282	49.70	25.40	38.09
22	2.2289	2.0007	49.47	25.51	37.40
23	2.1479	1.9388	49.19	25.89	37.41
24	2.1298	1.8709	58.26	31.43	49.85
25	2.1159	1.8301	53.70	29.58	43.57
26	2.1016	1.8208	49.51	28.29	37.91
27	2.0624	1.8276	57.61	32.99	49.51
28	2.0490	1.7488	50.71	27.57	39.40
29	1.9690	1.6702	56.35	33.37	47.26
30	1.9002	1.6199	62.89	40.20	55.91
31	2.0634	1.6035	60.48	32.41	52.70
32	2.0161	1.5759	60.03	36.61	51.85
33	1.9253	1.5592	59.71	37.38	51.79
34	1.9220	1.5492	57.71	35.16	48.59
35	1.8034	1.5064	58.43	37.45	49.68
36	1.9072	1.4643	58.04	36.35	49.11
37	1.8837	1.3759	65.77	41.23	59.25
38	1.8007	1.3541	62.50	40.61	54.91
39	1.8100	1.2933	70.77	47.04	65.42
40	1.7583	1.2254	78.04	51.84	74.44
41	1.8189	1.2326	71.53	43.72	66.48
42	1.6451	1.2423	68.90	43.37	63.08
43	1.7003	1.1105	81.12	51.27	78.19
44	1.5541	1.0785	79.94	56.37	76.66
45	1.8230	1.1286	79.05	52.64	75.73
46	1.5547	1.1186	70.58	46.74	65.12
47	1.5587	1.0014	86.41	64.86	84.44
48	1.6328	0.9096	86.74	58.37	84.76
49	1.6450	1.0514	78.09	56.47	74.72
50	1.5461	1.0013	79.73	57.95	76.42
51	1.5588	0.9418	80.55	57.08	77.69
52	1.5445	0.9164	80.76	56.76	77.60
53	1.6622	0.8930	85.19	59.79	82.88
54	1.3741	0.8218	88.46	64.56	86.84
55	1.5034	0.7575	90.56	64.33	89.18
56	1.3950	0.7540	89.65	64.37	88.09
57	1.6335	0.7199	90.56	65.21	89.23
58	1.5063	0.7601	87.44	64.62	85.73
59	1.5909	0.7005	89.52	63.91	87.94
60	1.4101	0.6619	91.68	65.32	90.45
61	1.3349	0.6420	91.55	65.26	90.31
62	1.4088	0.6640	90.68	67.98	89.30
63	1.2483	0.6006	92.14	68.94	91.03
64	1.5208	0.6127	91.62	66.96	90.42
65	1.3218	0.7978	80.37	63.24	77.85
66	1.4406	0.5579	93.82	70.22	92.93
67	1.2043	0.5375	94.32	72.51	93.50
68	1.3093	0.5268	93.54	67.53	92.60
69	1.2766	0.5111	94.31	70.54	93.48
70	1.2437	0.5085	94.33	71.22	93.50
71	1.1227	0.4832	94.04	70.55	93.19
72	1.5301	0.6411	87.48	68.23	85.56
73	1.2310	0.5285	92.39	72.29	91.35
74	1.2030	0.5008	94.13	73.75	93.30
75	1.2468	0.4562	94.33	71.90	93.53
76	1.1906	0.4394	95.28	73.90	94.61
77	1.3032	0.4488	94.87	73.29	94.14
78	1.2284	0.4542	95.32	75.13	94.66
79	1.3111	0.4488	94.55	74.64	93.77
80	1.2289	0.4568	94.05	71.54	93.21
81	1.1970	0.4302	95.30	75.46	94.63
82	1.3237	0.4184	95.70	76.00	95.08
83	1.0753	0.4697	92.32	73.02	91.28
84	1.4160	0.4046	95.92	75.67	95.34
85	1.0832	0.3803	96.73	76.10	96.26
86	1.1582	0.4000	96.18	75.79	95.64
87	1.0775	0.4455	92.70	75.66	91.68
88	1.1499	0.3901	94.39	75.84	93.60
89	1.1876	0.4904	90.41	75.24	89.14
90	1.3114	0.3929	96.21	76.89	95.67
91	1.2394	0.4048	94.60	73.64	93.83
92	1.4251	0.3761	96.90	78.25	96.46
93	1.2797	0.3767	96.54	76.77	96.05
94	1.3869	0.4585	92.92	75.07	91.88
95	1.0279	0.3477	96.57	76.98	96.08
96	1.3770	0.3433	96.82	78.14	96.37
97	1.2683	0.4063	94.74	74.26	94.00
98	1.1155	0.3549	96.92	78.73	96.49
99	1.0846	0.3535	96.80	76.44	96.34
100	1.0845	0.3441	96.41	77.62	95.89
101	1.1583	0.3094	97.15	77.36	96.75
102	1.1211	0.3074	97.26	77.51	96.87
103	1.1305	0.3314	97.19	82.39	96.79
104	1.2136	0.3427	96.60	78.58	96.12
105	1.4408	0.3601	95.68	74.49	95.07
106	1.1149	0.3210	97.82	82.71	97.51
107	1.1375	0.3107	97.83	81.10	97.52
108	1.1130	0.3214	97.13	79.42	96.72
109	1.1982	0.3686	96.82	79.86	96.37
110	1.2825	0.3101	97.42	79.86	97.05
111	1.1514	0.3154	96.82	79.11	96.36
112	1.2543	0.2988	97.52	80.26	97.17
113	1.1878	0.3231	96.60	78.72	96.12
114	1.0950	0.3351	96.05	80.16	95.50
115	1.4426	0.3385	96.92	79.82	96.49
116	1.2003	0.3227	97.29	81.29	96.91
117	1.1706	0.3056	97.29	81.59	96.91
118	1.3671	0.3116	97.72	82.63	97.39
119	1.2083	0.3224	96.84	81.22	96.39
120	1.0677	0.3937	93.53	81.90	92.57
121	1.2859	0.4457	91.88	75.82	90.74
122	1.2455	0.3126	97.66	82.89	97.33
123	1.3377	0.2918	97.51	78.82	97.15
124	1.2455	0.2977	97.18	79.68	96.77
125	1.2322	0.3010	97.59	82.49	97.25
126	1.2674	0.3126	97.69	81.03	97.36
127	1.2561	0.3523	95.58	79.10	94.96
128	1.3649	0.3118	97.45	78.74	97.09
129	1.3198	0.3149	97.43	83.63	97.06
130	1.1527	0.2971	97.68	83.53	97.35
131	1.0471	0.2927	97.62	84.45	97.29
132	1.1257	0.2807	98.03	84.30	97.75
133	1.2104	0.2750	98.07	83.94	97.80
134	1.0449	0.2686	97.86	84.50	97.56
135	1.3459	0.2908	98.01	84.08	97.73
136	1.1459	0.3331	96.17	83.60	95.62
137	1.0699	0.2730	98.39	84.98	98.17
138	1.1966	0.2839	98.06	85.34	97.78
139	1.2088	0.2900	97.83	84.82	97.52
140	1.1922	0.3407	96.34	83.47	95.82
141	1.3819	0.2853	98.30	84.94	98.06
142	1.2130	0.2798	98.38	84.89	98.15
143	1.1722	0.3169	96.17	83.54	95.63
144	1.2649	0.3534	95.63	83.04	94.99
145	1.0818	0.3040	97.78	85.39	97.47
146	1.0912	0.2746	97.88	84.81	97.57
147	1.0773	0.2783	97.74	84.86	97.42
148	1.2646	0.3182	96.01	83.95	95.45
149	1.1845	0.2879	97.35	83.30	96.97
150	1.2882	0.3003	97.52	85.00	97.16
151	1.0938	0.2927	96.67	83.28	96.20
152	1.1076	0.2792	97.19	82.91	96.79
153	1.2266	0.2649	98.30	85.26	98.06
154	1.0955	0.2551	98.44	85.40	98.22
155	1.1550	0.2454	98.26	84.55	98.01
156	1.0615	0.2467	98.07	84.17	97.80
157	1.2285	0.2617	98.07	85.57	97.80
158	1.0582	0.2626	98.30	85.75	98.06
159	1.2075	0.2742	97.33	83.88	96.95
160	1.2572	0.2659	97.80	85.26	97.48
161	1.2208	0.2635	98.31	85.71	98.07
162	1.1635	0.2554	98.01	85.51	97.73
163	1.1324	0.2510	98.26	84.60	98.01
164	1.2144	0.2592	98.48	84.98	98.27
165	1.2257	0.2605	98.19	85.52	97.93
166	1.2218	0.2462	98.39	84.62	98.17
167	1.0371	0.2622	98.23	86.44	97.98
168	1.2698	0.3102	97.29	84.60	96.91
169	1.1231	0.2851	97.53	84.84	97.18
170	1.0097	0.2297	98.30	85.38	98.06
171	1.0768	0.2287	98.21	85.53	97.96
172	1.1380	0.2397	98.44	85.80	98.22
173	1.1784	0.2518	98.43	85.74	98.20
174	1.3115	0.2695	98.15	85.70	97.89
175	1.2616	0.2874	98.08	85.84	97.81
176	1.0534	0.2325	98.46	85.70	98.24
177	1.1106	0.2398	98.32	85.78	98.09
178	1.3375	0.2389	98.68	86.49	98.49
179	1.1141	0.2495	98.14	85.92	97.88
180	1.1887	0.2565	98.31	85.33	98.07
181	0.7391	0.2313	98.24	85.72	97.99
182	1.0933	0.2163	98.39	85.13	98.17
183	1.1148	0.2380	98.26	85.39	98.01
184	1.0507	0.2350	98.23	85.48	97.98
185	1.0465	0.2347	98.29	85.49	98.05
186	1.0303	0.2297	98.11	85.87	97.84
187	1.1990	0.2284	98.28	84.67	98.03
188	1.2772	0.2524	98.20	85.59	97.94
189	1.2917	0.2486	98.21	86.28	97.96
190	1.1355	0.2805	97.95	85.34	97.65
191	1.1150	0.2590	98.12	85.36	97.85
192	1.0834	0.2297	98.14	85.97	97.88
193	1.1855	0.2292	98.46	85.56	98.24
194	1.2078	0.2382	98.51	85.68	98.30
195	0.9547	0.2433	98.28	85.45	98.03
196	1.2209	0.2177	98.63	85.73	98.44
197	1.2359	0.2350	98.47	85.84	98.26
198	1.1861	0.2716	98.26	85.43	98.01
199	1.1956	0.2453	98.53	85.85	98.32
200	0.9939	0.2394	98.59	86.19	98.39
201	1.2034	0.2156	98.67	85.94	98.48
202	0.9896	0.2504	98.21	85.48	97.96
203	1.0690	0.2262	98.57	85.32	98.36
204	1.3190	0.2401	97.83	84.25	97.52
205	0.8673	0.2279	98.34	86.14	98.10
206	1.2851	0.2688	97.74	84.84	97.42
207	1.1886	0.2455	98.01	84.41	97.73
208	0.9947	0.2453	98.44	85.98	98.22
209	1.0380	0.2312	98.73	86.58	98.55
210	1.1950	0.2399	98.44	85.58	98.22
211	1.0387	0.2267	98.30	86.24	98.06
212	1.1749	0.2363	98.62	86.14	98.43
213	1.0846	0.2323	98.53	86.08	98.32
214	1.2147	0.2307	98.76	86.50	98.58
215	1.1759	0.2685	98.43	86.30	98.21
216	1.0313	0.2175	98.76	86.38	98.58
217	1.1097	0.2480	97.86	85.80	97.56
218	0.9966	0.2209	98.73	86.06	98.55
219	1.0224	0.2174	98.79	86.33	98.62
220	1.0992	0.2266	98.71	86.27	98.53
221	1.1192	0.2334	98.71	86.24	98.53
222	1.0003	0.2366	98.58	85.65	98.38
223	1.2421	0.2222	98.70	85.72	98.52
224	1.0890	0.2284	98.63	85.99	98.44
225	1.0981	0.2415	98.66	86.00	98.47
226	1.0384	0.2324	98.31	86.05	98.07
227	1.0707	0.2826	96.03	84.72	95.45
228	1.2066	0.2337	98.40	86.19	98.18
229	1.1490	0.2235	98.17	84.87	97.92
230	1.2397	0.2487	98.40	86.37	98.18
231	1.0230	0.2630	97.92	86.08	97.63
232	1.0787	0.2334	98.42	85.90	98.19
233	1.1377	0.2434	98.57	86.31	98.36
234	1.1462	0.2565	98.09	86.04	97.82
235	1.0444	0.2211	98.68	86.24	98.49
236	1.1006	0.2096	98.69	86.56	98.51
237	1.1233	0.2399	98.54	86.15	98.33
238	1.1435	0.2471	97.99	84.78	97.71
239	1.0421	0.2178	98.62	86.41	98.43
240	1.0464	0.2215	98.68	86.37	98.49
241	1.0563	0.1989	98.85	86.55	98.69
242	1.0397	0.2146	98.58	86.57	98.38
243	1.2473	0.2243	98.75	86.48	98.57
244	1.0118	0.2263	98.51	86.08	98.30
245	1.1132	0.3114	96.36	84.21	95.84
246	1.0659	0.2852	97.07	85.31	96.66
247	1.1882	0.2465	98.16	86.06	97.90
248	0.9434	0.2071	98.61	86.11	98.41
249	0.9123	0.2173	98.32	86.49	98.09
250	1.0483	0.2222	98.42	86.07	98.19
251	1.0995	0.2145	98.67	86.05	98.48
252	1.1617	0.2104	98.70	86.30	98.52
253	1.0370	0.2079	98.74	85.86	98.56
254	0.9997	0.2142	98.63	86.25	98.44
255	1.0659	0.2205	98.70	86.28	98.52
256	1.0579	0.2020	98.60	86.37	98.40
257	1.1019	0.2495	97.42	84.66	97.05
258	1.0645	0.2210	98.73	86.41	98.55
259	1.1897	0.2323	98.22	86.00	97.97
260	0.9510	0.2189	98.36	86.06	98.13
261	0.9547	0.1978	98.69	86.09	98.51
262	1.1564	0.2103	98.76	86.33	98.58
263	1.1306	0.2062	98.75	86.29	98.57
264	1.0718	0.2083	98.73	86.13	98.55
265	1.1307	0.2150	98.54	86.24	98.34
266	1.0112	0.1996	98.78	86.32	98.61
267	1.1088	0.2043	98.70	86.28	98.52
268	0.9197	0.2060	98.59	86.28	98.39
269	1.0197	0.2145	98.70	86.33	98.52
270	1.0949	0.2116	98.76	86.42	98.59
271	0.9997	0.2006	98.54	85.58	98.34
272	0.9850	0.2026	98.50	85.59	98.28
273	1.1434	0.2085	98.77	86.31	98.60
274	0.9671	0.2133	98.38	85.83	98.15
275	1.0986	0.2200	98.59	86.33	98.39
276	1.0050	0.2105	98.75	86.68	98.57
277	1.0598	0.2234	97.91	85.81	97.62
278	1.0378	0.2203	98.43	85.47	98.21
279	1.1409	0.2128	98.78	86.47	98.61
280	1.1284	0.2157	98.77	86.29	98.60
281	1.1511	0.2159	98.66	85.48	98.47
282	1.1079	0.2176	98.68	85.79	98.49
283	1.1185	0.2388	98.53	85.95	98.32
284	1.0819	0.2009	98.55	85.66	98.35
285	1.1206	0.2140	98.48	85.57	98.27
286	0.8916	0.1988	98.66	85.91	98.47
287	1.0990	0.2020	98.66	86.19	98.47
288	1.0045	0.2157	98.51	86.29	98.30
289	1.2455	0.2174	98.83	86.35	98.66
290	1.0017	0.2152	98.69	85.86	98.51
291	1.1042	0.2146	98.70	86.72	98.52
292	1.1305	0.2248	98.27	86.47	98.02
293	1.1395	0.2153	98.62	86.21	98.43
294	1.1391	0.2342	98.75	86.15	98.57
295	1.0745	0.2181	98.75	85.80	98.57
296	1.0354	0.2004	98.77	86.18	98.60
297	0.9846	0.2157	98.73	86.79	98.55
298	0.9968	0.2031	98.89	88.73	98.73
299	1.0037	0.2029	98.82	87.85	98.65
300	1.1219	0.2108	98.66	86.46	98.47
301	1.0807	0.2062	98.50	84.83	98.28
302	0.9370	0.1952	98.70	86.22	98.52
303	1.0335	0.1944	98.73	86.40	98.55
304	1.0910	0.2111	98.66	88.28	98.47
305	0.8912	0.1996	98.74	86.35	98.56
306	1.0485	0.2041	98.59	86.09	98.39
307	1.0540	0.1913	98.66	86.45	98.47
308	0.9599	0.1945	98.74	86.78	98.56
309	1.1503	0.2105	98.65	87.14	98.45
310	1.0448	0.2045	98.66	86.25	98.47
311	0.9510	0.1954	98.71	87.09	98.53
312	1.1074	0.1803	98.78	87.34	98.61
313	1.0752	0.2241	98.59	87.92	98.39
314	0.9617	0.2067	98.86	88.99	98.70
315	1.0074	0.2074	98.52	86.08	98.31
316	1.0436	0.2036	98.57	88.44	98.36
317	1.0757	0.2074	98.50	88.42	98.28
318	1.0069	0.1875	98.81	88.14	98.64
319	1.0145	0.1769	98.87	88.31	98.72
320	1.1956	0.2077	98.62	88.58	98.43
321	1.0931	0.2040	98.77	86.98	98.60
322	0.9805	0.1973	98.73	86.82	98.55
323	1.1805	0.2013	98.83	89.14	98.66
324	1.0072	0.2006	98.84	86.82	98.68
325	1.1563	0.1917	98.89	87.73	98.73
326	1.1408	0.2144	98.86	88.93	98.70
327	0.9412	0.1872	98.93	89.62	98.78
328	1.1066	0.2127	98.87	89.53	98.72
329	1.1728	0.2131	98.60	87.30	98.40
330	1.2140	0.2455	98.63	88.74	98.44
331	1.1581	0.2278	97.89	85.24	97.59
332	1.0795	0.1975	98.48	87.14	98.27
333	1.0845	0.2113	98.83	90.29	98.66
334	1.1154	0.2028	98.92	89.73	98.77
335	1.0341	0.2073	98.86	88.75	98.70
336	0.9926	0.1861	98.76	87.38	98.58
337	1.1214	0.1903	98.60	87.96	98.40
338	1.0720	0.2085	98.89	89.85	98.73
339	1.1189	0.2106	98.62	88.97	98.43
340	0.9932	0.1901	98.99	91.00	98.85
341	1.0740	0.1894	98.94	91.26	98.79
342	0.9663	0.1815	98.81	90.81	98.64
343	1.0861	0.1955	98.86	91.46	98.70
344	0.8535	0.1808	98.94	93.12	98.79
345	0.9777	0.1850	98.97	90.64	98.82
346	0.8999	0.1822	98.92	90.42	98.77
347	1.0089	0.1718	98.91	90.53	98.75
348	0.9759	0.1962	98.75	89.52	98.57
349	0.9957	0.1947	98.87	90.76	98.72
350	1.0081	0.1986	98.82	89.67	98.65
351	0.9958	0.1958	98.96	91.53	98.81
352	1.0822	0.1913	98.90	91.59	98.74
353	0.9910	0.1964	98.68	90.59	98.49
354	1.1635	0.1931	98.92	91.03	98.77
355	1.2022	0.2027	98.99	91.92	98.85
356	0.9910	0.1997	98.96	91.08	98.81
357	0.9369	0.1842	98.90	90.64	98.74
358	0.9803	0.1817	99.04	92.12	98.90
359	1.0000	0.1991	99.07	92.68	98.94
360	1.0250	0.2117	98.89	90.45	98.73
361	1.0427	0.1933	98.91	90.85	98.76
362	1.0514	0.1928	98.96	91.14	98.81
363	1.1314	0.2164	98.77	92.68	98.60
364	0.9127	0.1989	98.90	91.80	98.74
365	1.0658	0.1917	98.97	93.40	98.82
366	1.0766	0.2037	98.85	91.04	98.69
367	0.9522	0.1935	99.05	93.52	98.91
368	1.0876	0.1953	99.05	92.12	98.91
369	1.0430	0.1858	98.91	91.51	98.75
370	1.1636	0.1884	98.99	92.90	98.85
371	0.9823	0.1934	99.02	93.59	98.89
372	0.9470	0.1858	98.97	93.79	98.82
373	1.0234	0.1913	99.04	94.48	98.90
374	1.0460	0.1907	99.01	95.16	98.87
375	0.9341	0.1843	98.90	93.00	98.74
376	1.0769	0.1826	98.92	93.08	98.77
377	0.9534	0.1859	98.85	91.23	98.69
378	1.0357	0.1877	98.73	90.45	98.55
379	1.1419	0.2049	98.97	92.03	98.82
380	1.0911	0.2070	98.91	91.12	98.76
381	0.9679	0.1927	99.13	95.10	99.00
382	0.8864	0.1874	98.90	94.32	98.74
383	0.9980	0.2044	98.96	93.89	98.81
384	1.0997	0.1924	98.93	93.88	98.78
385	0.9909	0.1973	98.69	93.06	98.51
386	1.0143	0.1773	98.91	93.32	98.76
387	0.9303	0.1906	98.85	92.42	98.69
388	1.1115	0.1955	99.12	94.35	98.99
389	0.9572	0.1889	98.96	93.93	98.81
390	0.9497	0.1856	98.90	94.55	98.74
391	1.0476	0.1924	99.04	94.79	98.90
392	1.0510	0.2017	98.93	94.24	98.78
393	1.0081	0.1995	98.91	94.53	98.76
394	0.9359	0.1846	98.98	95.14	98.83
395	1.1215	0.2017	98.97	95.45	98.82
396	1.0656	0.1880	99.00	95.16	98.86
397	1.0213	0.1884	99.12	94.98	98.99
398	0.8795	0.1852	99.06	95.41	98.93
399	1.0872	0.1938	99.02	93.22	98.89
400	1.0753	0.1860	98.98	95.86	98.83
401	0.9478	0.1988	98.96	95.19	98.81
402	0.9464	0.2013	98.89	94.39	98.73
403	0.9510	0.1959	98.94	95.86	98.79
404	1.0783	0.1997	98.76	94.30	98.58
405	0.9974	0.1931	98.76	93.29	98.59
406	0.9846	0.1838	98.97	95.07	98.82
407	0.9949	0.1725	98.99	94.21	98.85
408	0.9466	0.1742	98.91	93.12	98.76
409	1.1602	0.1796	99.10	95.35	98.98
410	1.0734	0.1773	99.05	95.25	98.91
411	1.0283	0.1818	99.04	95.22	98.90
412	1.0596	0.1977	98.96	94.77	98.81
413	1.0955	0.1954	99.01	94.86	98.87
414	0.9987	0.1972	98.98	94.94	98.83
415	0.7690	0.1820	99.02	95.05	98.89
416	1.0237	0.1784	99.09	95.36	98.96
417	1.0438	0.1856	99.09	95.54	98.96
418	1.0538	0.1907	99.12	95.41	98.99
419	0.9670	0.1912	99.08	94.99	98.95
420	1.1448	0.1847	98.97	95.36	98.82
421	1.0870	0.1879	98.96	95.41	98.81
422	1.0166	0.1944	99.02	95.30	98.89
423	1.0555	0.1847	99.10	95.85	98.98
424	0.9487	0.1846	99.10	95.90	98.98
425	0.9985	0.1886	99.08	95.85	98.95
426	1.0225	0.1791	99.12	95.54	98.99
427	0.9950	0.1842	99.12	95.61	98.99
428	0.9637	0.1789	99.08	95.60	98.95
429	1.0145	0.1847	99.21	95.93	99.10
430	1.1055	0.1947	99.10	94.93	98.98
431	1.0663	0.1992	99.08	95.85	98.95
432	1.1029	0.1914	99.07	96.18	98.94
433	1.0203	0.1861	99.06	96.09	98.93
434	1.0838	0.1941	99.04	94.07	98.90
435	1.0660	0.1922	99.09	95.14	98.96
436	1.0567	0.1911	99.06	96.02	98.93
437	0.9844	0.1869	99.01	95.76	98.87
438	0.9999	0.1862	99.18	95.84	99.07
439	0.9515	0.1911	99.05	95.69	98.91
440	0.9913	0.1931	99.10	96.22	98.98
441	0.8892	0.1750	99.08	96.16	98.95
442	0.9072	0.1808	99.14	95.29	99.02
443	0.8964	0.1825	99.12	94.92	98.99
444	1.0409	0.1828	99.13	95.02	99.00
445	1.0073	0.1888	99.16	96.04	99.04
446	1.0916	0.1910	99.09	95.74	98.96
447	0.9333	0.1830	99.04	95.57	98.90
448	1.0558	0.1851	98.99	95.89	98.85
449	1.1190	0.1946	99.12	95.95	98.99
450	0.9268	0.1913	99.07	96.07	98.94
451	1.0687	0.1865	99.14	96.18	99.02
452	1.0683	0.1882	99.07	95.68	98.94
453	0.9452	0.1869	99.04	95.80	98.90
454	0.8666	0.1807	99.13	96.22	99.00
455	1.0181	0.1760	99.13	96.15	99.00
456	1.0953	0.1822	99.09	95.84	98.96
457	1.0014	0.1817	98.99	95.29	98.85
458	1.0411	0.1802	98.99	95.16	98.85
459	1.1098	0.1858	99.08	95.25	98.95
460	0.9916	0.1800	99.10	95.71	98.98
461	0.9756	0.1779	99.15	95.93	99.03
462	0.9377	0.1826	99.14	95.93	99.02
463	1.0644	0.1736	99.07	95.69	98.94
464	1.0592	0.1661	99.15	95.72	99.03
465	1.0184	0.1677	99.18	96.04	99.07
466	1.1509	0.1773	99.16	96.07	99.04
467	1.1398	0.1941	99.10	95.83	98.98
468	1.0027	0.1875	99.10	95.96	98.98
469	0.8973	0.1845	99.06	95.86	98.93
470	1.0090	0.1788	99.06	95.81	98.93
471	1.0670	0.1864	99.04	95.78	98.90
472	1.1441	0.1891	99.10	95.77	98.98
473	0.9470	0.1783	99.17	96.22	99.06
474	0.9806	0.1790	99.08	96.13	98.95
475	1.0263	0.1815	99.13	95.89	99.00
476	1.0291	0.1813	99.13	96.10	99.00
477	1.0918	0.1790	99.22	96.15	99.11
478	1.0025	0.1754	99.13	95.77	99.00
479	1.0227	0.1767	99.07	95.39	98.94
480	0.9933	0.1777	99.07	95.59	98.94
481	0.8772	0.1750	99.13	95.85	99.00
482	0.8418	0.1718	99.14	95.88	99.02
483	1.1176	0.1739	99.16	95.95	99.04
484	1.0023	0.1777	99.06	95.86	98.93
485	1.0428	0.1787	99.08	95.88	98.95
486	1.0747	0.1825	99.09	95.89	98.96
487	1.1504	0.1862	99.02	95.63	98.89
488	0.9682	0.1788	99.05	95.63	98.91
489	0.9876	0.1797	99.00	95.49	98.86
490	1.0485	0.1790	99.00	95.59	98.86
491	1.0304	0.1767	99.06	95.84	98.93
492	0.9624	0.1726	99.15	95.91	99.03
493	0.9875	0.1788	99.04	95.40	98.90
494	0.9109	0.1844	98.99	95.33	98.85
495	1.0735	0.1826	99.07	95.72	98.94
496	1.0106	0.1796	98.99	95.72	98.85
497	1.1028	0.1800	99.05	95.89	98.91
498	1.0357	0.1772	99.02	95.76	98.89
499	1.0816	0.1830	99.04	95.47	98.90
500	0.9330	0.1807	99.09	96.07	98.96
501	0.8813	0.1813	99.14	96.11	99.02
502	0.9656	0.1803	99.13	96.10	99.00
503	1.0339	0.1777	99.13	96.09	99.00
504	0.9772	0.1739	99.10	96.08	98.98
505	1.0206	0.1734	99.12	96.14	98.99
506	1.0952	0.1754	99.14	96.16	99.02
507	0.9915	0.1799	99.09	96.10	98.96
508	1.1124	0.1782	99.09	96.16	98.96
509	1.0352	0.1807	99.13	96.09	99.00
510	0.9788	0.1783	99.13	96.09	99.00
511	1.1110	0.1793	99.12	96.09	98.99
512	1.0130	0.1814	99.10	96.13	98.98
513	0.9488	0.1831	99.12	96.14	98.99
514	1.0151	0.1816	99.10	96.11	98.98
515	0.9842	0.1826	99.13	96.14	99.00
516	0.9145	0.1799	99.09	96.00	98.96
517	0.8717	0.1745	99.10	96.00	98.98
518	0.9492	0.1682	99.13	96.11	99.00
519	1.0113	0.1684	99.15	96.13	99.03
520	1.0197	0.1707	99.16	96.19	99.04
521	1.0036	0.1773	99.14	96.17	99.02
522	0.9905	0.1852	99.07	96.05	98.94
523	1.0609	0.1903	99.07	95.98	98.94
524	1.0627	0.1810	99.06	95.97	98.93
525	1.0115	0.1770	99.14	96.03	99.02
526	1.0282	0.1769	99.12	95.94	98.99
527	0.9951	0.1750	99.14	95.95	99.02
528	1.0397	0.1767	99.17	96.17	99.06
529	0.9248	0.1737	99.13	95.94	99.00
530	0.9182	0.1755	99.12	96.00	98.99
531	0.9346	0.1760	99.09	95.91	98.96
532	1.0289	0.1750	99.12	95.93	98.99
533	0.8603	0.1745	99.14	96.10	99.02
534	1.0974	0.1739	99.12	96.09	98.99
535	0.9174	0.1738	99.12	96.14	98.99
536	1.0928	0.1751	99.10	96.06	98.98
537	1.0361	0.1772	99.13	96.09	99.00
538	0.9298	0.1763	99.13	95.95	99.00
539	0.9505	0.1778	99.15	95.96	99.03
540	0.9351	0.1785	99.13	95.94	99.00
541	0.8935	0.1764	99.14	96.01	99.02
542	1.0920	0.1764	99.18	96.09	99.07
543	0.8802	0.1789	99.14	95.97	99.02
544	1.0076	0.1787	99.18	96.12	99.07
545	1.0244	0.1806	99.15	96.10	99.03
546	1.0888	0.1836	99.13	96.07	99.00
547	1.0626	0.1876	99.09	96.04	98.96
548	1.1223	0.1871	99.12	96.13	98.99
549	0.9243	0.1849	99.13	96.14	99.00
550	1.0737	0.1837	99.12	96.16	98.99
551	1.0693	0.1819	99.16	96.19	99.04
552	0.9379	0.1810	99.14	96.17	99.02
553	0.9295	0.1788	99.15	96.17	99.03
554	0.9014	0.1786	99.16	96.10	99.04
555	1.0644	0.1812	99.14	96.15	99.02
556	0.9612	0.1816	99.15	96.18	99.03
557	1.0384	0.1815	99.14	96.09	99.02
558	0.9968	0.1812	99.15	96.09	99.03
559	0.9673	0.1797	99.16	96.12	99.04
560	1.1451	0.1827	99.10	95.94	98.98
561	1.0673	0.1821	99.16	95.98	99.04
562	1.0884	0.1832	99.15	95.97	99.03
563	1.0387	0.1815	99.17	96.12	99.06
564	0.9550	0.1797	99.17	96.10	99.06
565	1.0536	0.1805	99.10	95.95	98.98
566	1.0787	0.1810	99.10	95.95	98.98
567	1.0551	0.1794	99.15	96.06	99.03
568	0.9942	0.1784	99.17	96.10	99.06
569	1.1159	0.1791	99.17	96.11	99.06
570	0.9640	0.1804	99.13	96.02	99.00
571	0.9127	0.1782	99.16	96.12	99.04
572	1.0511	0.1787	99.16	96.11	99.04
573	0.9447	0.1765	99.15	96.12	99.03
574	1.1246	0.1783	99.16	96.11	99.04
575	1.0188	0.1807	99.17	96.10	99.06
576	0.9905	0.1813	99.15	96.07	99.03
577	1.0423	0.1815	99.18	96.20	99.07
578	1.0497	0.1817	99.16	96.10	99.04
579	1.0517	0.1825	99.14	96.07	99.02
580	1.0394	0.1817	99.14	95.99	99.02
581	1.0291	0.1823	99.13	95.89	99.00
582	1.0217	0.1836	99.12	95.88	98.99
583	1.0635	0.1819	99.14	95.95	99.02
584	0.9710	0.1791	99.17	96.13	99.06
585	1.0715	0.1804	99.12	95.91	98.99
586	0.9566	0.1802	99.13	95.92	99.00
587	1.0022	0.1786	99.14	95.95	99.02
588	1.1339	0.1803	99.09	95.91	98.96
589	1.0717	0.1803	99.09	95.91	98.96
590	1.0543	0.1822	99.12	95.93	98.99
591	1.1073	0.1819	99.12	95.92	98.99
592	0.9945	0.1799	99.14	96.08	99.02
593	1.0564	0.1803	99.13	96.00	99.00
594	0.9554	0.1783	99.16	96.10	99.04
595	0.9214	0.1797	99.13	96.00	99.00
596	0.9900	0.1800	99.13	96.01	99.00
597	1.0367	0.1792	99.13	96.00	99.00
598	1.0538	0.1788	99.14	95.95	99.02
599	1.0884	0.1762	99.16	96.11	99.04
600	1.0569	0.1788	99.13	95.94	99.00
